{
  "param_0": -0.10909000039100647,
  "param_1": 0.5960568189620972,
  "param_2": -0.166803777217865,
  "param_3": -0.43164798617362976,
  "param_4": -0.20226696133613586
}