{
  "param_0": -0.5709327459335327,
  "param_1": 0.9638227224349976,
  "param_2": -0.9189773797988892,
  "param_3": -1.4702823162078857,
  "param_4": 0.682836651802063
}