{
  "param_0": -0.6226065158843994,
  "param_1": -0.23202136158943176,
  "param_2": -0.8680806159973145,
  "param_3": -0.6720911264419556,
  "param_4": 0.5154226422309875
}