{
  "param_0": 2.084479570388794,
  "param_1": 0.4640713036060333,
  "param_2": -1.2875806093215942,
  "param_3": 1.102839469909668,
  "param_4": 1.6912769079208374
}