{
  "param_0": 0.6066122055053711,
  "param_1": -0.36669230461120605,
  "param_2": 0.4516439735889435,
  "param_3": -0.7893504500389099,
  "param_4": -1.8798489570617676
}