{
  "param_0": -0.3859010338783264,
  "param_1": -0.34780269861221313,
  "param_2": -1.0519382953643799,
  "param_3": -2.412128448486328,
  "param_4": 0.8017393350601196
}