{
  "param_0": 0.26563841104507446,
  "param_1": -1.7690753936767578,
  "param_2": -6.21368408203125,
  "param_3": -2.541901111602783,
  "param_4": 1.379957914352417
}