{
  "param_0": 2.2062790393829346,
  "param_1": 0.644120454788208,
  "param_2": 0.2800384759902954,
  "param_3": -2.6052956581115723,
  "param_4": -2.6200475692749023
}