{
  "param_0": 0.9622622132301331,
  "param_1": 0.20754724740982056,
  "param_2": -0.05546630918979645,
  "param_3": -0.2174331247806549,
  "param_4": -0.47076988220214844
}