{
  "param_0": -0.7164941430091858,
  "param_1": 0.052152618765830994,
  "param_2": -4.4267683029174805,
  "param_3": -0.6754893660545349,
  "param_4": 0.19305044412612915
}