{
  "param_0": 1.9781707525253296,
  "param_1": 0.11864933371543884,
  "param_2": 0.3503660559654236,
  "param_3": 0.22121018171310425,
  "param_4": 0.48991823196411133
}