{
  "param_0": 4.165840148925781,
  "param_1": -0.36054936051368713,
  "param_2": -0.1813982129096985,
  "param_3": 2.2115895748138428,
  "param_4": -0.10102040320634842
}